Date,Qui,Quoi,Delta,Total Caisse,Total Coffre,Total Coffre plus Caisse (Cash),Total Banque,Total Urlab,Commentaire du trésorier
12,Astramast/Arthur,Decompte caisse,170.96,170.96,0,170.96,0,170.96,
19,Bob,Cotisation membre 2023-2024,5,175.96,0,175.96,0,175.96,
19,Thibault,Fanta (ardoise),-0.9,175.06,0,175.06,0,175.06,"Les ardoises n’ont pas été remboursées, une certaine quantité de la caisse est en fait de l’argent avancé par les membres"
19,F2Ville,Donation,1.8,176.86,0,176.86,0,176.86,
19,Astramast/Arthur,Transfert de caisse a coffre,0,45.06,131.8,176.86,0,176.86,
19,Astramast/Arthur,Echange de monnaie avec le shop de F2Ville,0,45.06,131.8,176.86,0,176.86,"Pl. Léopold Wiener 7, 1170 Watermael-Boitsfort"
21,Astramast/Arthur,Coca 33cl x15,-11.79,45.06,120.01,165.07,0,165.07,Ticket ID 0 Le “stock” est l’ensemble des produits alimentaires que nous vendons (chips et softs)
21,Astramast/Arthur,Fanta Orange 33cl x 15,-12.23,45.06,107.78,152.84,0,152.84,Ticket ID 0
21,Astramast/Arthur,Chips Naturel 45g x 20,-13.8,45.06,93.98,139.04,0,139.04,Ticket ID 0
21,Astramast/Arthur,Chips Paprika 45g x 20,-13.8,45.06,80.18,125.24,0,125.24,Ticket ID 0
21,Astramast/Arthur,Arrondi centime,0.02,45.06,80.2,125.26,0,125.26,Ticket ID 0
21,Astramast/Arthur,Décompte,59.5,103.56,81.2,184.76,0,184.76,"Bruno a remboursé sa dette de 30€, on a vendu quelques stocks, mais le reste de l’argent est d’origine inconnue. Je vais mettre un carnet dans la caisse"
21,Astramast/Arthur,Transfert de caisse a coffre,0,33.56,151.2,184.76,0,184.76,
24,Astramast/Arthur,Carnet de caisse,-5,33.56,146.2,179.76,0,179.76,Ticket ID 1 Acheté le 22.09.2023
28,Astramast/Arthur,Décompte,21.4,54.96,146.2,201.16,0,201.16,
28,Astramast/Arthur,Transfert de caisse a coffre,0,34.96,166.2,201.16,0,201.16,
28,Glandalf/Mark,Remboursement CI,1000,34.96,1166.2,1201.16,0,1201.16,Mark/Glandalf est le Trésorier du CI 2023-2024 Le CI a une dette envers l’urlab car lors de la fusion des comptes bancaires (2020?) l’argent de l’urlab a disparu dans les comptes du CI
28,Astramast/Arthur,Coffre Acropaq,-27.2,34.96,1139,1173.96,0,1173.96,
